0.7456543786603361,0.07868590402324704,0.8710968982424386
0.10929167279102547,0.7171808874977428,0.7341284909057298
0.6258906547197903,0.530618252745854,0.9378322722498693
0.3616033228229939,0.03260885221794296,0.6693225685980878
0.9852927977081586,0.771728267546216,0.9459866661076877
0.6080055993607303,0.34938678864873673,0.5385030580417609
0.9410975483677628,0.6731713749132919,0.1306140947958544
0.45494583204506556,0.5023121329333884,0.5123028600078732
0.9811055546111969,0.310942725708129,0.47736155018040805
0.7617232528760449,0.9871785772116316,0.398243251928318
